900300071437800250005020049058409030700100098290030004080013000304687000100250000
600074000030261508010030700000452083302000910068319020026543001050620340000000000
365092708040061000107058964702080000000600002083000470500800620030070000000540107
010096830930200040824703100005900000600085429208004061700030080000800003001049207
900830157503106280100740090000050830301004672200013009002070010000000060034060920
490032000000196400218040693180029060960000004074000820501084206800013900000000030
400850003000034000683009054040000720006340090001602005000068409008003102704021538
960370010185429760070001008031000602009050801007003049006002000008705096750000080
062409000000050001450000200000043907006000400700501002009000130340198720671024850
000062900720910000006000008000100200402000703860003009209831560587024390000700840
079132085060590700508700210000800900706340000801200403087000300903000508250000190
309000201002800000400030075000408029500000700004027000076583402043012956015900000
560900007000687910190250600605400002210008064004002098900045871050000000070001250
040890100200000070310602000104583602509204781806000030000320047080009000400000209
000687040020003060600250107130000005500002730764038009000300026056001473040720001
300415200409760001060028400100080057045300000802100600050000006904000135610500728
020507000040208701000001480150000200960702100080006940206070514518004360007100009
100400800396280005280705096070000904831690057049800010015000008700050009000300560
029308456578206109000105070305020600000009040091067000030050000000002903907000024
506918023713602049080000051604000002027860000000004100300140200000506308070000006