002000015800002490049000008010000600703900000920060040000000004200601507000507100
087000401000000000016004002000000100054210369060700000048500600005049000000020094
002010000100080054060020913605000409000008100200700000900000005000040006473006001
001700090000000206004020007050090360030800040060200000008900030040005070000000000
700010306000000050106703000000000040080000070050609000300000015500070920400005003
006900000001800300005004610200700400300009007000000096800400100000000000003050700
000300400000074580000000026005000000240090008700000200304526000050009700009781050
351600084009801000080040000090010000000000020700020501000050002073004090120000705
600000400001004002000080310107009000300020047004300001000006003020430005063010900
000013000000680010709000080000045001005006300340000000500009000070062590020000004
001070009400800702280000010040050208000280090000000000090000070000003004700020160
609871000050300600000000109005007000003010060000600400900064050430000200080002907
000000000002009070008100006007005080430000000800001300000400030024600700001200090
600000904030500060009700000003000100000304020020000540090000000000901700008072310
130600080046030000020500000000200106090057000800000045000000370000063400000000501
000905000002070100006001090500000900800450070400060300000000000600010008003040700
680040000210300000700010098060190007090504080300000005470000250000006040006000001
081540000000000000000000084510409670600750030070006009006003400058900060040100000
004000106090018005000090002672531080800000000000000600405002008003080400000070061
600301084000069007000007013400690008000015000008000060000000000000100700204003100