207093500000007300060000000302049000908600004000000009039206801000901000001405026
600000100802705090007196000009000415500009700000061020000007030000000672700003509
005804069009000700010090402000340807028000340004018000590100000000423915000900000
000086902068190000930000600050260003609507400000010500826453000003000045005000000
080000000704260008010800764000000801800007340000090050500009420042006010000402003
000572136052000007000000005070601500500900000200085064410360000600000740000409603
500627000049010200027500010400075002010300005000240006370002060060000000000006409
000013040000600005100054060001030000003062058608079002900040000000026009430801000
027594000609000000500007900004902560900400000000736400000000002010060040053248000
057100000000348751000500000940000083000830690300019000500000060700903502010050430
700010090090000080000490000080031600200000001603807509070960010400005703000000928
830000600600904500009000872000802460000700081000000035015078000000060347060400000
000390000800150600006280007980070105200000040003009020009763000070010060560000070
000300026760409100020001000002004500001000000000600872050830069000700000084096705
340100900700003000800000070003004008600000002250300190009201680060090730500007200
060000730004028000000003009500070004000001007807040063750080900000306400406107002
708000506065804000000600089007100000406009001120300860000031900000000100391000654
068013400040080010007004003900340800073090206000700000000102090085070030210000000
000190007908702000270000069035079004800000005706500010000005000000001450514627000
301060000000100205080900630690000087800000492700000006900015800108000700073020000